nohup: ignoring input
======================================================
  Experimentos MPI — Multiplicación de Matrices
  Fecha: Fri May 15 22:50:27 UTC 2026
======================================================
[INFO] Compilando...
[INFO] Compilación completada

version,N,P,rep,tiempo_ms,gflops
row,500,1,1,101.058,2.47383
block,500,1,1,102.802,2.43186
row,500,1,2,99.5388,2.51158
block,500,1,2,99.4711,2.51329
row,500,1,3,100.195,2.49513
block,500,1,3,100.357,2.4911
row,500,1,4,101.365,2.46634
block,500,1,4,99.9742,2.50065
row,500,1,5,100.703,2.48255
block,500,1,5,100.011,2.49972
row,500,2,1,54.9635,4.54847
block,500,2,1,51.8845,4.8184
row,500,2,2,55.435,4.50979
block,500,2,2,54.8244,4.56001
row,500,2,3,54.2173,4.61107
block,500,2,3,50.8677,4.91471
row,500,2,4,50.9542,4.90637
block,500,2,4,50.7427,4.92682
row,500,2,5,50.9787,4.90401
block,500,2,5,51.3957,4.86422
row,500,3,1,65.7717,3.80103
block,500,3,1,65.6035,3.81077
row,500,3,2,65.1261,3.83871
block,500,3,2,64.9203,3.85087
row,500,3,3,65.0833,3.84123
block,500,3,3,66.7372,3.74604
row,500,3,4,65.5679,3.81284
block,500,3,4,66.1504,3.77927
row,500,3,5,64.9743,3.84768
block,500,3,5,65.4532,3.81952
row,500,4,1,49.225,5.07872
block,500,4,1,49.8567,5.01437
row,500,4,2,49.6414,5.03612
block,500,4,2,49.2426,5.0769
row,500,4,3,55.6255,4.49434
block,500,4,3,49.7772,5.02238
row,500,4,4,49.4593,5.05467
block,500,4,4,49.635,5.03677
row,500,4,5,50.1526,4.98479
block,500,4,5,49.2182,5.07942
row,500,6,1,32.9516,7.58689
block,500,6,1,33.6156,7.43702
row,500,6,2,33.6936,7.41981
block,500,6,2,34.2176,7.30619
row,500,6,3,34.0159,7.34951
block,500,6,3,34.0533,7.34143
row,500,6,4,32.8234,7.61651
block,500,6,4,34.5531,7.23523
row,500,6,5,41.2595,6.05921
block,500,6,5,33.7576,7.40574
row,500,8,1,29.2321,8.55225
block,500,8,1,28.7618,8.69209
row,500,8,2,25.1121,9.95535
block,500,8,2,25.071,9.97167
row,500,8,3,25.4224,9.83386
block,500,8,3,26.0367,9.60185
row,500,8,4,25.5559,9.78246
block,500,8,4,25.939,9.63799
row,500,8,5,31.6354,7.90254
block,500,8,5,28.2704,8.84316
row,500,12,1,19.1065,13.0845
block,500,12,1,19.0172,13.146
row,500,12,2,17.5625,14.2349
block,500,12,2,17.0083,14.6987
row,500,12,3,17.1081,14.6129
block,500,12,3,17.2558,14.4879
row,500,12,4,18.4871,13.523
block,500,12,4,,
row,500,12,5,19.007,13.153
block,500,12,5,18.5943,13.445
row,1000,1,1,862.255,2.3195
block,1000,1,1,851.896,2.3477
row,1000,1,2,863.83,2.31527
block,1000,1,2,855.439,2.33798
row,1000,1,3,899.066,2.22453
block,1000,1,3,867.462,2.30558
row,1000,1,4,874.232,2.28772
block,1000,1,4,883.063,2.26484
row,1000,1,5,862.992,2.31752
block,1000,1,5,1082.31,1.8479
row,1000,2,1,791.524,2.52677
block,1000,2,1,775.407,2.57929
row,1000,2,2,668.122,2.99346
block,1000,2,2,748.418,2.6723
row,1000,2,3,758.74,2.63595
block,1000,2,3,800.301,2.49906
row,1000,2,4,693.864,2.88241
block,1000,2,4,743.676,2.68934
row,1000,2,5,485.108,4.12279
block,1000,2,5,518.635,3.85628
row,1000,3,1,581.691,3.43825
block,1000,3,1,586.749,3.40861
row,1000,3,2,578.811,3.45536
block,1000,3,2,583.482,3.4277
row,1000,3,3,570.964,3.50285
block,1000,3,3,578.703,3.45601
row,1000,3,4,576.367,3.47001
block,1000,3,4,583.89,3.4253
row,1000,3,5,573.535,3.48714
block,1000,3,5,579.965,3.44848
row,1000,4,1,444.646,4.49796
block,1000,4,1,443.189,4.51275
row,1000,4,2,437.68,4.56955
block,1000,4,2,448.412,4.46018
row,1000,4,3,450.072,4.44373
block,1000,4,3,455.412,4.39163
row,1000,4,4,438.933,4.55651
block,1000,4,4,447.362,4.47065
row,1000,4,5,446.22,4.48209
block,1000,4,5,469.876,4.25644
row,1000,6,1,288.571,6.9307
block,1000,6,1,326.112,6.13287
row,1000,6,2,333.116,6.00392
block,1000,6,2,321.906,6.21299
row,1000,6,3,305.042,6.55646
block,1000,6,3,298.97,6.68964
row,1000,6,4,304.966,6.5581
block,1000,6,4,309.014,6.4722
row,1000,6,5,293.542,6.81333
block,1000,6,5,294.283,6.79617
row,1000,8,1,461.025,4.33816
block,1000,8,1,307.686,6.50013
row,1000,8,2,383.794,5.21112
block,1000,8,2,392.113,5.10057
row,1000,8,3,318.712,6.27525
block,1000,8,3,420.713,4.75383
row,1000,8,4,268.455,7.45004
block,1000,8,4,226.192,8.84206
row,1000,8,5,224.211,8.92015
block,1000,8,5,225.397,8.87322
row,1000,12,1,169.789,11.7793
block,1000,12,1,192.301,10.4003
row,1000,12,2,174.402,11.4677
block,1000,12,2,168.008,11.9042
row,1000,12,3,174.05,11.491
block,1000,12,3,176.478,11.3329
row,1000,12,4,157.984,12.6595
block,1000,12,4,153.369,13.0404
row,1000,12,5,172.286,11.6086
block,1000,12,5,187.897,10.6441
row,2000,1,1,9318.21,1.71707
block,2000,1,1,9183.17,1.74232
row,2000,1,2,9212.88,1.7367
block,2000,1,2,9262.51,1.72739
row,2000,1,3,9179.83,1.74295
block,2000,1,3,9164.64,1.74584
row,2000,1,4,9266.08,1.72673
block,2000,1,4,9089.91,1.76019
row,2000,1,5,9139.86,1.75057
block,2000,1,5,8996.69,1.77843
row,2000,2,1,4632.31,3.454
block,2000,2,1,4602.16,3.47663
row,2000,2,2,4661.37,3.43246
block,2000,2,2,4603.98,3.47525
row,2000,2,3,4643.04,3.44602
block,2000,2,3,4604.76,3.47466
row,2000,2,4,4619.24,3.46377
block,2000,2,4,4659.89,3.43356
row,2000,2,5,4677.13,3.4209
block,2000,2,5,4578.34,3.49472
row,2000,3,1,4772.83,3.35231
block,2000,3,1,4837.02,3.30782
row,2000,3,2,4806.55,3.32879
block,2000,3,2,4868.18,3.28665
row,2000,3,3,5040.92,3.17402
block,2000,3,3,4803.42,3.33096
row,2000,3,4,4772.02,3.35287
block,2000,3,4,4785.77,3.34325
row,2000,3,5,5052.12,3.16699
block,2000,3,5,4811.01,3.3257
row,2000,4,1,3665.48,4.36504
block,2000,4,1,3644.12,4.39064
row,2000,4,2,3641.23,4.39412
block,2000,4,2,3673.04,4.35606
row,2000,4,3,3682.7,4.34464
block,2000,4,3,3869.57,4.13483
row,2000,4,4,3654.4,4.37829
block,2000,4,4,3639.93,4.39569
row,2000,4,5,3665.11,4.36549
block,2000,4,5,3660.04,4.37154
row,2000,6,1,2698.87,5.92841
block,2000,6,1,2455.69,6.51548
row,2000,6,2,2449.24,6.53263
block,2000,6,2,2473.15,6.46947
row,2000,6,3,2433.1,6.57597
block,2000,6,3,2447.92,6.53617
row,2000,6,4,2424.04,6.60054
block,2000,6,4,2449.72,6.53137
row,2000,6,5,2447.71,6.53672
block,2000,6,5,2453.95,6.52011
row,2000,8,1,1974.6,8.10289
block,2000,8,1,1867.49,8.56764
row,2000,8,2,1857.5,8.61374
block,2000,8,2,2138.15,7.4831
row,2000,8,3,1893.53,8.44981
block,2000,8,3,1905.12,8.39843
row,2000,8,4,1907.48,8.38802
block,2000,8,4,2036.8,7.85547
row,2000,8,5,1838.99,8.70044
block,2000,8,5,1847.47,8.66051
row,2000,12,1,1237.4,12.9303
block,2000,12,1,1369.37,11.6842
row,2000,12,2,1387.71,11.5298
block,2000,12,2,1263.46,12.6637
row,2000,12,3,1289.68,12.4062
block,2000,12,3,1373.1,11.6525
row,2000,12,4,1300.62,12.3018
block,2000,12,4,1246.11,12.84
row,2000,12,5,1254.67,12.7524
block,2000,12,5,1444.55,11.0761
row,3000,1,1,31113.1,1.7356
block,3000,1,1,31233.1,1.72894
row,3000,1,2,31119.1,1.73527
block,3000,1,2,31321.1,1.72408
row,3000,1,3,32047,1.68503
block,3000,1,3,30760.6,1.75549
row,3000,1,4,31302.8,1.72509
block,3000,1,4,31174.1,1.7322
row,3000,1,5,31331,1.72353
block,3000,1,5,31495.3,1.71454
row,3000,2,1,15623.1,3.45643
block,3000,2,1,15743.9,3.4299
row,3000,2,2,15567.8,3.4687
block,3000,2,2,15809.8,3.4156
row,3000,2,3,15717.3,3.43571
block,3000,2,3,15912,3.39367
row,3000,2,4,15817.7,3.41389
block,3000,2,4,15651.5,3.45014
row,3000,2,5,15814.6,3.41457
block,3000,2,5,15612.7,3.45873
row,3000,3,1,16318.2,3.30919
block,3000,3,1,15256.8,3.53941
row,3000,3,2,15941.9,3.3873
block,3000,3,2,16044,3.36574
row,3000,3,3,16068.8,3.36056
block,3000,3,3,16419.1,3.28885
row,3000,3,4,16012,3.37248
block,3000,3,4,15180.9,3.55711
row,3000,3,5,15993.9,3.37629
block,3000,3,5,15943.4,3.38698
row,3000,4,1,12586.2,4.29042
block,3000,4,1,12266.9,4.40209
row,3000,4,2,12208.7,4.42308
block,3000,4,2,12523.3,4.31196
row,3000,4,3,12425.5,4.34589
block,3000,4,3,12799.5,4.21893
row,3000,4,4,13779.6,3.91884
block,3000,4,4,12601.8,4.28509
row,3000,4,5,12337.5,4.3769
block,3000,4,5,12257.8,4.40537
row,3000,6,1,8071.86,6.68991
block,3000,6,1,8160.94,6.61689
row,3000,6,2,8452.58,6.38858
block,3000,6,2,8160.45,6.61728
row,3000,6,3,8399.02,6.42932
block,3000,6,3,8198.58,6.5865
row,3000,6,4,8156.51,6.62048
block,3000,6,4,8189.39,6.5939
row,3000,6,5,8542.29,6.32149
block,3000,6,5,8147.68,6.62766
row,3000,8,1,6482.2,8.33051
block,3000,8,1,6538.82,8.25838
row,3000,8,2,6232.55,8.66419
block,3000,8,2,6456.03,8.36428
row,3000,8,3,6399.92,8.4376
block,3000,8,3,6278.73,8.60046
row,3000,8,4,6514.03,8.2898
block,3000,8,4,6507.66,8.29791
row,3000,8,5,6610.41,8.16893
block,3000,8,5,6768.73,7.97786
row,3000,12,1,4314.21,12.5168
block,3000,12,1,4399.57,12.2739
row,3000,12,2,4332.36,12.4643
block,3000,12,2,4375.88,12.3404
row,3000,12,3,4240.37,12.7347
block,3000,12,3,4413.99,12.2338
row,3000,12,4,4203.25,12.8472
block,3000,12,4,4593.29,11.7563
row,3000,12,5,4373.86,12.3461
block,3000,12,5,4417.11,12.2252

[INFO] Experimentos completados.
